3 5 9 7 4
10 20 5 15 25 30 1
100 50 75 25 90 10 60 40 80 20
1 2 3 4 5 6 7 8 9 10
9 8 7 6 5 4 3 2 1
42
5 5 5 5 5
1000 999 998 997 996 995 994 993 992 991
2 4 6 8 10 12 14 16 18 20 22 24 26 28 30
500 250 125 62 31 15 7 3 1
292 771 908 710 180 570 357 514 596 566 705 327 16 556 155 736 267 832 967 161 156 690 551 257 475 434 968 110 865 576 175 655 920 904 989 399 677 658 149 993 471 825 378 666 906 509 264 503 107 823 393 900 364 995 458 353 724 652 299 126 835 948 146 133 586 775 905 171 144 483 781 11 896 387 365 64 139 488 186 242 478 339 888 189 372 486 569 284 398 663 320 174 38 119 404 587 812 704 856 192 
8213 4917 8107 8730 4822 6457 5763 3742 8992 3941 4329 1889 9770 955 8980 2479 6785 5225 1997 5401 8849 7537 6205 4063 1831 7219 6760 9338 772 7462 8301 8619 7779 8370 7014 6038 112 6864 4215 2927 2794 32 136 5514 3285 9700 4354 9288 6583 4162 3270 933 1961 2324 5271 3402 6778 9540 9038 4883 7918 1299 5582 3394 9682 9260 6925 4256 8005 2756 7664 4181 4860 6131 4090 9004 4038 2099 9381 6845 5872 1712 2126 7110 1411 6018 364 4837 5437 8189 7747 6122 4722 9278 7203 5703 4894 4887 9876 6244 4810 1184 6372 5069 577 8226 1962 3064 5725 5172 20 6180 808 513 9413 4238 7353 7426 1573 9971 6745 888 7292 6773 8698 163 7065 7585 7992 1977 9118 5381 9639 7588 8467 2762 3639 5481 7179 3389 752 1864 1248 5593 6948 4776 6695 9355 7067 9404 2669 8068 6681 4978 1188 9089 2132 6612 3749 4174 6475 7378 8927 7350 3548 9659 8878 8958 4269 2980 4457 1561 526 9082 1539 1348 9856 6461 7023 2929 1938 8879 3906 3924 6489 6897 8814 9531 5842 8783 9171 1231 2370 5238 8979 9712 4272 9204 6776 9631 146 1994 9979 1020 7649 9223 8593 1822 9666 5000 9033 545 8977 6094 6392 7895 8137 9637 2176 8270 9456 5869 614 1106 791 3470 7108 3612 2257 858 325 935 4365 255 783 1533 7735 7290 3829 841 2098 9673 9440 9443 7489 7654 168 2100 8198 4585 6889 9094 6381 9916 3980 799 303 8933 9048 5107 5059 3089 6452 2682 6069 8087 6540 668 9049 9050 9885 5577 9431 6295 3981 5547 3992 2948 8119 4774 3035 8864 8131 1496 7140 3103 3005 7089 3659 7623 352 329 8832 1065 839 8624 3367 2652 2807 197 7849 4086 4702 351 7629 8649 1179 1423 2634 623 1567 3171 5818 6718 2161 7875 8325 53 3217 3582 5258 230 5130 9593 7896 9687 6446 354 6149 9987 5938 9453 3626 1202 4853 8530 7082 2835 6764 3707 7194 604 5838 7200 4971 558 3686 6883 8495 1011 5996 2951 6502 6305 3997 1500 6340 2937 9790 5333 5902 9546 1210 4973 6861 3673 404 6903 9055 6916 1310 8608 7814 3905 862 7077 2003 5836 2564 4597 8848 8388 7889 9978 600 8306 8891 897 1395 7096 1892 4201 2573 2130 8818 3222 3535 4052 2916 3827 7824 1693 8294 9035 7222 4400 6322 6410 28 8528 8384 93 55 8562 2124 788 9528 4856 2155 8458 5362 4731 1940 4436 1852 9411 3027 6812 5317 8692 9052 4197 9985 464 6166 3610 9606 3811 7351 1683 749 2603 1986 4175 2435 7109 3845 7839 9570 5957 632 3401 5273 1532 399 3817 975 5092 4888 347 6391 4248 4050 7632 2818 6065 4927 2263 4440 8289 8594 2195 3772 2406 649 8552 7813 5287 1862 6079 7435 2064 8369 4928 7248 2048 8334 2933 8917 829 7384 7003 6171 6952 1431 5082 5208 3221 4131 3242 
88 81 85 24 25 75 15 5 87 58 43 54 91 3 94 2 73 35 33 13 76 10 59 72 98 63 52 22 93 36 47 97 95 31 19 55 100 70 99 53 27 79 78 37 6 9 84 68 38 92 
